Columns Removed: {2500, 3337, 907, 1870, 1906, 2131, 2194, 2743, 1753}
Accuracy: 0.5791859687368395
Macro F1 Score: 0.7043371743237175
Classification Report:
              precision    recall  f1-score   support

           0       0.55      0.92      0.69      5364
           1       0.44      0.85      0.58       468
           2       0.52      0.95      0.67      6350
           3       0.64      0.97      0.77      1152
           4       0.54      0.76      0.63        83
           5       0.97      0.99      0.98     17140
           6       0.54      0.79      0.64       457
           7       0.55      0.93      0.69      9386
           8       0.53      0.94      0.68       590

   micro avg       0.67      0.95      0.79     40990
   macro avg       0.59      0.90      0.70     40990
weighted avg       0.72      0.95      0.81     40990
 samples avg       0.76      0.95      0.82     40990

Time taken(infer): 6801.1334338999995
FLOPs(infer): 6098727094.00
Av Memory Usage(infer): 8.51 MB
Max Memory Usage(infer): 29.88 MB

Columns Removed: {736, 2500, 2950, 1096, 3337, 1834, 907, 1325, 1870, 1906, 2131, 2194, 3539, 2743, 1753}
Accuracy: 0.5757921074144722
Macro F1 Score: 0.7062772845337945
Classification Report:
              precision    recall  f1-score   support

           0       0.56      0.92      0.69      5346
           1       0.41      0.85      0.55       440
           2       0.52      0.95      0.67      6341
           3       0.64      0.97      0.77      1147
           4       0.58      0.82      0.68        83
           5       0.97      0.99      0.98     16987
           6       0.56      0.81      0.66       473
           7       0.56      0.93      0.70      9567
           8       0.51      0.92      0.66       587

   micro avg       0.67      0.95      0.79     40971
   macro avg       0.59      0.91      0.71     40971
weighted avg       0.72      0.95      0.81     40971
 samples avg       0.76      0.95      0.82     40971

Time taken(infer): 8819.055607600001
FLOPs(infer): 6098727094.00
Av Memory Usage(infer): 8.51 MB
Max Memory Usage(infer): 29.88 MB

Columns Removed: {2144, 2500, 3337, 907, 3341, 1870, 1906, 2131, 2194, 1753, 2743, 2905, 2783}
Accuracy: 0.5801768771521292
Macro F1 Score: 0.7102865555397954
Classification Report:
              precision    recall  f1-score   support

           0       0.55      0.92      0.69      5275
           1       0.44      0.84      0.57       471
           2       0.53      0.95      0.68      6434
           3       0.65      0.98      0.78      1122
           4       0.54      0.84      0.66        87
           5       0.97      0.99      0.98     17132
           6       0.58      0.79      0.67       509
           7       0.55      0.93      0.69      9386
           8       0.53      0.94      0.67       616

   micro avg       0.67      0.95      0.79     41032
   macro avg       0.59      0.91      0.71     41032
weighted avg       0.72      0.95      0.81     41032
 samples avg       0.76      0.95      0.83     41032

Time taken(infer): 39167.0648713
FLOPs(infer): 6098727094.00
Av Memory Usage(infer): 8.48 MB
Max Memory Usage(infer): 29.76 MB

Columns Removed: {2563, 2500, 1222, 3337, 907, 3341, 1870, 1807, 2320, 1231, 2194, 2131, 2581, 2905, 1753, 2783, 1312, 2144, 736, 1249, 1510, 1321, 1897, 2095, 817, 1906, 2743, 1465, 1402, 1087}
Accuracy: 0.5763866524636461
Macro F1 Score: 0.7093001316256908
Classification Report:
              precision    recall  f1-score   support

           0       0.55      0.92      0.69      5208
           1       0.42      0.85      0.56       460
           2       0.52      0.95      0.67      6457
           3       0.63      0.97      0.77      1148
           4       0.62      0.82      0.70        92
           5       0.97      0.99      0.98     17121
           6       0.56      0.77      0.65       469
           7       0.55      0.93      0.69      9384
           8       0.52      0.94      0.67       608

   micro avg       0.67      0.95      0.79     40947
   macro avg       0.59      0.90      0.71     40947
weighted avg       0.72      0.95      0.81     40947
 samples avg       0.76      0.95      0.82     40947

Time taken(infer): 8020.211762900006
FLOPs(infer): 6098727094.00
Av Memory Usage(infer): 8.51 MB
Max Memory Usage(infer): 29.87 MB

Columns Removed: {2500, 3337, 970, 907, 3341, 1870, 2194, 2770, 2131, 1303, 1753, 2905, 1114, 2783, 2144, 2221, 1906, 2743, 1271}
Accuracy: 0.5781950603215498
Macro F1 Score: 0.7075608535432139
Classification Report:
              precision    recall  f1-score   support

           0       0.56      0.91      0.70      5357
           1       0.40      0.84      0.54       419
           2       0.53      0.96      0.68      6508
           3       0.63      0.97      0.77      1138
           4       0.61      0.81      0.70        96
           5       0.97      0.99      0.98     17020
           6       0.55      0.79      0.65       436
           7       0.55      0.93      0.69      9423
           8       0.52      0.92      0.67       609

   micro avg       0.67      0.95      0.79     41006
   macro avg       0.59      0.90      0.71     41006
weighted avg       0.72      0.95      0.81     41006
 samples avg       0.76      0.95      0.82     41006

Time taken(infer): 6492.211190200011
FLOPs(infer): 6098727094.00
Av Memory Usage(infer): 8.51 MB
Max Memory Usage(infer): 29.87 MB

Columns Removed: {1024, 961, 2500, 3337, 970, 907, 3341, 1870, 2194, 2770, 2131, 1366, 1303, 2905, 1753, 1114, 601, 2783, 2144, 547, 551, 2221, 1906, 2743, 1271, 1726}
Accuracy: 0.5770802883543489
Macro F1 Score: 0.716132796312126
Classification Report:
              precision    recall  f1-score   support

           0       0.55      0.91      0.69      5323
           1       0.41      0.85      0.56       461
           2       0.53      0.95      0.68      6531
           3       0.64      0.97      0.77      1155
           4       0.63      0.82      0.71        88
           5       0.97      0.99      0.98     16954
           6       0.58      0.80      0.67       486
           7       0.55      0.93      0.69      9447
           8       0.53      0.96      0.68       607

   micro avg       0.67      0.96      0.79     41052
   macro avg       0.60      0.91      0.72     41052
weighted avg       0.72      0.96      0.81     41052
 samples avg       0.76      0.96      0.82     41052

Time taken(infer): 6186.9679941
FLOPs(infer): 6098727094.00
Av Memory Usage(infer): 8.51 MB
Max Memory Usage(infer): 29.88 MB

Columns Removed: {1024, 1792, 2052, 3337, 907, 3341, 2194, 1303, 1306, 1054, 547, 551, 2221, 1198, 2743, 1726, 961, 2500, 970, 1611, 1870, 2770, 2131, 1621, 1366, 2905, 1753, 1114, 601, 2783, 2144, 1636, 1132, 1906, 1783, 1271}
Accuracy: 0.5789877870537815
Macro F1 Score: 0.7050181402954293
Classification Report:
              precision    recall  f1-score   support

           0       0.56      0.92      0.70      5346
           1       0.41      0.82      0.55       443
           2       0.52      0.95      0.67      6417
           3       0.64      0.97      0.77      1192
           4       0.60      0.78      0.68        96
           5       0.97      0.99      0.98     16980
           6       0.54      0.77      0.64       460
           7       0.56      0.93      0.70      9459
           8       0.52      0.94      0.67       614

   micro avg       0.67      0.95      0.79     41007
   macro avg       0.59      0.90      0.71     41007
weighted avg       0.72      0.95      0.81     41007
 samples avg       0.76      0.96      0.83     41007

Time taken(infer): 6013.7699577
FLOPs(infer): 6074332185.62
Av Memory Usage(infer): 8.48 MB
Max Memory Usage(infer): 29.76 MB

Columns Removed: {1024, 3337, 907, 3341, 2446, 2445, 2194, 2196, 1303, 547, 551, 2473, 2221, 2743, 1726, 961, 2500, 970, 1870, 2770, 2131, 2772, 1366, 2905, 1753, 1114, 601, 2140, 2779, 2783, 2144, 2149, 1906, 1271, 2296, 2554}
Accuracy: 0.5791364233160751
Macro F1 Score: 0.716298599030496
Classification Report:
              precision    recall  f1-score   support

           0       0.56      0.92      0.70      5257
           1       0.44      0.88      0.59       488
           2       0.52      0.95      0.67      6420
           3       0.64      0.98      0.78      1149
           4       0.64      0.87      0.74       102
           5       0.97      0.99      0.98     17160
           6       0.54      0.80      0.64       442
           7       0.55      0.93      0.69      9373
           8       0.50      0.95      0.66       574

   micro avg       0.67      0.96      0.79     40965
   macro avg       0.60      0.92      0.72     40965
weighted avg       0.72      0.96      0.81     40965
 samples avg       0.76      0.96      0.83     40965

Time taken(infer): 8285.940301999995
FLOPs(infer): 6074332185.62
Av Memory Usage(infer): 8.51 MB
Max Memory Usage(infer): 29.88 MB

Columns Removed: {1024, 3337, 907, 3341, 2446, 2445, 2194, 2196, 1303, 547, 551, 2473, 2221, 3886, 2743, 1726, 961, 2500, 970, 4426, 1870, 2770, 2131, 2772, 3922, 1366, 2905, 1753, 1114, 601, 2140, 2779, 2783, 2144, 2149, 1906, 3573, 1271, 2296, 2554}
Accuracy: 0.5808457403324497
Macro F1 Score: 0.7161849587689593
Classification Report:
              precision    recall  f1-score   support

           0       0.55      0.92      0.69      5214
           1       0.43      0.86      0.57       451
           2       0.53      0.95      0.68      6460
           3       0.65      0.97      0.78      1192
           4       0.63      0.81      0.71        99
           5       0.97      0.99      0.98     17160
           6       0.57      0.80      0.67       444
           7       0.55      0.94      0.70      9402
           8       0.52      0.95      0.67       599

   micro avg       0.67      0.96      0.79     41021
   macro avg       0.60      0.91      0.72     41021
weighted avg       0.73      0.96      0.81     41021
 samples avg       0.76      0.96      0.83     41021

Time taken(infer): 9250.599440899998
FLOPs(infer): 6062134731.44
Av Memory Usage(infer): 8.48 MB
Max Memory Usage(infer): 29.77 MB

Columns Removed: {1024, 3337, 907, 3341, 2446, 2445, 2194, 2196, 1303, 3742, 547, 551, 2473, 2221, 2743, 443, 1726, 961, 2500, 970, 1870, 2770, 2131, 2772, 1366, 2905, 1753, 1114, 601, 2140, 2779, 2783, 2144, 2149, 1906, 3319, 2296, 2554, 1271}
Accuracy: 0.5767830158297619
Macro F1 Score: 0.7103614309861731
Classification Report:
              precision    recall  f1-score   support

           0       0.55      0.92      0.69      5327
           1       0.40      0.83      0.55       424
           2       0.52      0.95      0.67      6381
           3       0.65      0.98      0.78      1144
           4       0.63      0.81      0.71       110
           5       0.97      0.99      0.98     16953
           6       0.56      0.76      0.64       463
           7       0.56      0.93      0.70      9634
           8       0.54      0.93      0.68       598

   micro avg       0.67      0.95      0.79     41034
   macro avg       0.60      0.90      0.71     41034
weighted avg       0.72      0.95      0.81     41034
 samples avg       0.76      0.95      0.82     41034

Time taken(infer): 6559.162332599997
FLOPs(infer): 6074332185.62
Av Memory Usage(infer): 8.48 MB
Max Memory Usage(infer): 29.75 MB

Columns Removed: {1024, 5, 3337, 907, 3341, 2446, 2445, 656, 529, 2194, 2196, 22, 1303, 31, 547, 551, 2473, 682, 2221, 1069, 691, 2743, 1726, 1087, 961, 2500, 970, 1870, 2770, 2131, 2772, 1366, 2905, 1753, 1114, 601, 2140, 2779, 2783, 2144, 2149, 871, 745, 1906, 1271, 2296, 2554}
Accuracy: 0.5794089231302797
Macro F1 Score: 0.7131528790226572
Classification Report:
              precision    recall  f1-score   support

           0       0.56      0.93      0.70      5312
           1       0.43      0.85      0.57       458
           2       0.52      0.95      0.67      6360
           3       0.66      0.97      0.79      1196
           4       0.61      0.88      0.72        96
           5       0.97      0.99      0.98     17055
           6       0.54      0.79      0.64       447
           7       0.56      0.93      0.70      9578
           8       0.50      0.93      0.65       548

   micro avg       0.67      0.96      0.79     41050
   macro avg       0.59      0.91      0.71     41050
weighted avg       0.73      0.96      0.81     41050
 samples avg       0.76      0.96      0.83     41050

Time taken(infer): 6092.218650900002
FLOPs(infer): 6074332185.62
Av Memory Usage(infer): 8.51 MB
Max Memory Usage(infer): 29.88 MB

Columns Removed: {1024, 3337, 907, 3341, 2446, 1294, 2194, 2196, 1303, 1440, 547, 2473, 2221, 1458, 2554, 2743, 1726, 961, 2500, 970, 1611, 1870, 2770, 2131, 2772, 1366, 2905, 1753, 1114, 601, 2140, 2779, 2783, 2144, 1636, 2149, 1132, 1906, 3445, 1143, 2296, 1402, 1271, 1404, 511}
Accuracy: 0.5761389253598236
Macro F1 Score: 0.7070921753166134
Classification Report:
              precision    recall  f1-score   support

           0       0.55      0.92      0.69      5237
           1       0.43      0.89      0.58       433
           2       0.53      0.95      0.68      6594
           3       0.64      0.96      0.77      1155
           4       0.60      0.80      0.69        92
           5       0.97      0.99      0.98     16908
           6       0.52      0.77      0.62       448
           7       0.55      0.93      0.69      9531
           8       0.52      0.94      0.67       618

   micro avg       0.67      0.95      0.79     41016
   macro avg       0.59      0.90      0.71     41016
weighted avg       0.72      0.95      0.81     41016
 samples avg       0.76      0.95      0.82     41016

Time taken(infer): 7459.595876499996
FLOPs(infer): 6013344914.68
Av Memory Usage(infer): 8.48 MB
Max Memory Usage(infer): 29.77 MB

Columns Removed: {1024, 1672, 3337, 907, 3341, 2446, 2833, 2194, 2196, 2068, 1303, 2077, 547, 2473, 2221, 2482, 1843, 2743, 1726, 961, 2500, 1861, 3013, 970, 1870, 2770, 2131, 2772, 1366, 2392, 2905, 1753, 1114, 601, 2140, 2779, 2783, 2144, 2149, 1906, 3445, 1654, 1271, 2296, 2554, 511}
Accuracy: 0.5763123343324993
Macro F1 Score: 0.7073965797314482
Classification Report:
              precision    recall  f1-score   support

           0       0.55      0.92      0.69      5369
           1       0.44      0.86      0.58       442
           2       0.52      0.94      0.67      6454
           3       0.63      0.97      0.77      1169
           4       0.61      0.78      0.68        89
           5       0.97      0.99      0.98     17008
           6       0.55      0.79      0.64       458
           7       0.55      0.93      0.69      9417
           8       0.50      0.95      0.65       569

   micro avg       0.67      0.95      0.79     40975
   macro avg       0.59      0.90      0.71     40975
weighted avg       0.72      0.95      0.81     40975
 samples avg       0.76      0.95      0.82     40975

Time taken(infer): 8259.544426799985
FLOPs(infer): 6074332185.62
Av Memory Usage(infer): 8.48 MB
Max Memory Usage(infer): 29.75 MB

