[0.5791859687368395, 0.7043371743237175, 6801.1334338999995, 6098727094.0, 8.510531663894653, 29.883917808532715]
[0.5757921074144722, 0.7062772845337945, 8819.055607600001, 6098727094.0, 8.509158611297607, 29.878374099731445]
[0.5801768771521292, 0.7102865555397954, 39167.0648713, 6098727094.0, 8.480522632598877, 29.76388168334961]
[0.5763866524636461, 0.7093001316256908, 8020.211762900006, 6098727094.0, 8.50610065460205, 29.866193771362305]
[0.5781950603215498, 0.7075608535432139, 6492.211190200011, 6098727094.0, 8.506642818450928, 29.86846160888672]
[0.5770802883543489, 0.716132796312126, 6186.9679941, 6098727094.0, 8.508720397949219, 29.876672744750977]
[0.5789877870537815, 0.7050181402954293, 6013.7699577, 6074332185.624001, 8.478665828704834, 29.7565336227417]
[0.5791364233160751, 0.716298599030496, 8285.940301999995, 6074332185.624001, 8.51041841506958, 29.883519172668457]
[0.5808457403324497, 0.7161849587689593, 9250.599440899998, 6062134731.436, 8.482277870178223, 29.770998001098633]
[0.5767830158297619, 0.7103614309861731, 6559.162332599997, 6074332185.624001, 8.478244066238403, 29.75480556488037]
[0.5794089231302797, 0.7131528790226572, 6092.218650900002, 6074332185.624001, 8.509168863296509, 29.878518104553223]
[0.5761389253598236, 0.7070921753166134, 7459.595876499996, 6013344914.684, 8.483145713806152, 29.774600982666016]
[0.5763123343324993, 0.7073965797314482, 8259.544426799985, 6074332185.624001, 8.478271961212158, 29.75492000579834]
